100
7
20
1 3 13 15 16 17 19
32 38 14 31 4 32 30 30 32 36 38 4 34 18 35 34 20 16 33 29
1 3 5 8 15 17 18
6 18 9 13 32 23 26 20 35 10 22 20 18 16 35 35 11 11 11 23
1 4 9 10 11 16 18
21 20 13 5 32 34 27 20 22 25 21 20 34 29 8 10 11 25 22 12
1 6 7 10 15 17 20
35 16 35 37 32 30 21 27 30 40 2 35 7 25 8 12 23 25 13 24
1 2 4 10 16 17 20
5 30 11 27 14 24 33 17 20 27 21 37 32 30 36 18 14 17 20 32
1 9 12 14 18 19 20
15 21 29 34 30 28 15 37 27 23 19 26 31 27 26 32 33 13 31 18
1 3 7 10 12 14 16
4 26 11 26 2 11 13 15 21 15 8 26 17 15 14 17 10 28 23 26
1 4 5 7 13 18 20
31 18 38 8 31 14 33 8 6 21 33 6 23 5 24 19 11 14 19 38
1 8 9 13 16 17 19
18 33 24 27 35 17 9 27 29 22 18 36 26 24 26 29 26 24 10 26
1 2 7 12 14 15 20
30 8 16 26 34 34 19 14 32 16 34 9 22 40 15 21 16 2 26 4
1 2 4 10 12 13 20
24 22 2 11 30 13 14 24 17 33 30 30 5 40 16 22 32 2 33 25
1 3 6 7 11 15 18
21 25 26 29 17 16 17 4 7 7 21 9 10 21 25 22 9 18 24 16
1 7 9 13 14 15 19
22 16 27 2 28 38 15 10 28 27 15 32 22 21 34 26 22 33 14 28
1 6 7 10 13 17 19
17 16 25 11 20 14 25 20 32 13 23 18 20 24 13 14 23 32 7 11
1 6 7 12 14 15 18
32 18 22 26 21 25 29 22 15 16 22 8 29 7 21 13 21 25 27 14
1 7 9 10 14 16 19
23 23 21 11 33 32 19 18 29 23 32 30 23 21 8 11 25 23 20 20
1 3 9 10 11 16 20
30 21 21 4 36 21 29 19 13 32 4 12 21 12 19 36 20 10 29 17
1 5 7 11 14 15 19
26 26 30 21 22 12 21 16 18 26 15 38 28 24 30 16 24 18 34 24
1 5 6 10 17 18 19
37 18 15 37 18 18 34 18 24 25 18 15 25 11 35 36 20 23 11 36
1 3 4 5 9 10 18
4 10 8 13 8 22 14 13 12 2 15 9 23 9 36 20 4 5 6 19
1 3 6 9 12 15 18
21 15 15 21 18 30 2 27 7 18 16 7 24 18 30 36 2 16 30 15
1 3 13 15 16 18 20
33 21 19 35 36 17 33 19 19 36 6 36 34 32 35 32 33 33 34 30
1 3 8 10 11 13 14
15 24 21 27 13 22 13 24 16 6 12 11 17 14 6 19 4 24 14 12
1 5 7 9 11 12 18
21 25 29 19 8 19 12 12 18 16 25 14 18 36 23 8 6 6 14 18
1 4 5 7 16 17 19
38 6 20 21 10 21 21 23 12 35 18 23 5 35 21 35 32 21 17 24
1 2 5 10 11 14 16
7 7 10 6 11 21 26 26 27 11 19 30 16 19 13 18 20 12 21 11
1 4 7 10 13 16 17
23 26 11 21 17 23 17 17 20 20 34 11 17 30 26 24 14 14 14 30
1 4 6 9 14 15 17
29 21 7 18 34 10 23 5 24 28 15 5 32 21 15 19 32 21 19 2
1 4 7 12 17 18 20
13 24 36 25 21 38 32 25 37 40 24 37 22 14 24 38 19 18 21 16
1 2 6 8 13 15 17
8 19 18 16 19 23 17 21 19 21 21 28 26 19 25 7 9 15 30 14
1 2 6 7 12 15 16
18 8 17 19 18 8 30 7 19 19 16 18 18 13 18 22 3 14 28 14
1 2 3 5 7 9 12
5 5 6 12 8 16 10 18 8 8 16 2 10 10 16 14 8 14 7 16
1 2 6 14 16 18 19
2 20 34 15 34 17 4 21 37 22 22 37 35 20 8 33 24 21 30 8
1 5 6 9 16 18 20
34 21 22 25 12 40 29 36 10 34 21 26 34 32 11 23 10 25 24 11
1 5 6 9 15 17 18
18 24 32 23 19 7 18 16 36 23 10 2 14 15 27 20 30 35 11 18
1 8 9 15 16 17 18
34 10 34 17 24 24 16 19 17 31 25 10 24 16 34 19 34 32 25 35
1 11 13 14 16 17 18
35 29 31 30 27 26 33 29 18 27 27 18 27 2 19 27 31 27 27 29
1 7 11 13 15 16 18
24 14 30 23 27 20 26 29 28 36 23 25 2 31 17 32 14 14 30 27
1 2 4 9 13 15 18
28 27 16 11 8 26 22 5 8 17 30 22 36 33 5 2 6 3 8 14
1 6 7 8 11 17 18
17 26 25 18 25 7 8 24 13 29 13 16 14 2 14 2 12 8 23 17
1 2 4 6 8 19 20
12 20 28 23 2 9 24 21 5 7 6 6 22 39 10 9 8 23 9 16
1 2 12 14 17 19 20
14 16 21 29 28 28 3 4 38 19 3 20 19 2 37 36 37 32 16 13
1 4 5 7 10 16 18
21 8 28 23 5 26 15 9 15 25 2 17 15 36 20 17 22 25 36 26
1 2 4 6 9 18 19
28 23 8 25 3 27 8 15 22 20 8 19 38 20 10 24 3 20 37 37
1 7 8 10 11 15 18
19 28 21 26 26 2 28 30 8 28 22 15 16 2 17 22 15 22 21 33
1 4 7 8 12 19 20
11 26 16 40 13 8 20 39 20 19 20 8 8 23 27 8 20 9 5 14
1 2 5 10 15 18 20
20 20 16 4 16 3 15 19 22 6 25 6 3 20 20 21 12 28 6 4
1 2 6 7 8 16 19
9 17 9 26 38 10 20 12 13 22 20 13 8 17 20 13 23 14 25 14
1 3 7 8 13 15 17
32 2 25 21 9 18 16 16 9 18 21 21 30 15 16 30 11 23 25 18
1 4 5 9 10 14 15
23 28 23 23 19 20 15 19 18 6 14 11 30 13 24 15 19 14 15 9
1 2 5 12 14 16 18
6 18 19 19 34 32 4 32 10 30 17 28 26 26 21 14 19 13 20 32
1 5 6 7 10 19 20
27 6 25 13 20 11 38 25 7 12 21 30 26 15 15 11 11 26 13 25
1 2 4 5 7 10 20
8 14 5 27 27 25 9 2 10 30 2 8 24 12 21 25 3 9 27 8
1 2 9 10 14 17 19
26 27 23 31 33 24 12 38 36 19 31 2 28 19 2 31 19 20 24 3
1 5 7 9 12 15 17
12 32 24 18 2 32 14 16 17 2 19 18 19 21 29 24 17 32 10 8
1 5 13 14 17 18 19
31 31 33 31 6 38 33 31 36 20 30 23 32 37 10 10 18 31 18 20
1 2 3 5 8 14 20
2 2 6 17 28 4 22 23 34 7 3 28 2 4 5 3 22 6 21 11
1 4 6 11 15 16 20
21 20 24 26 35 16 15 5 24 5 10 30 22 12 36 21 26 21 31 16
1 6 9 10 13 16 19
29 29 14 32 29 17 22 14 20 29 38 26 35 15 17 25 28 29 16 17
1 6 7 11 15 17 18
8 32 32 16 12 16 18 28 29 12 24 14 22 12 32 19 2 28 22 17
1 2 9 11 12 14 16
12 27 4 28 20 13 22 27 23 21 32 23 11 16 21 4 13 3 32 20
1 2 3 8 12 13 17
4 26 25 30 34 10 15 16 10 16 15 9 13 9 13 25 16 14 19 14
1 3 5 6 10 15 18
24 10 21 28 9 25 18 33 16 6 20 15 9 7 33 15 2 16 11 7
1 2 4 8 9 10 17
19 9 9 10 20 17 18 11 13 10 14 20 18 5 19 10 19 4 8 12
1 5 10 12 15 16 19
31 17 31 22 29 6 31 20 13 20 25 24 24 27 31 27 29 6 20 11
1 4 5 11 14 17 20
15 25 34 22 15 25 22 22 28 24 25 18 34 25 28 31 31 22 22 12
1 2 3 6 7 8 9
9 17 17 8 11 9 4 11 11 11 9 12 13 16 14 13 13 8 11 18
1 4 6 12 13 15 18
22 14 27 27 19 31 19 36 24 7 13 24 17 30 16 16 13 27 5 19
1 3 4 11 13 16 17
27 18 20 20 14 20 17 16 21 14 16 14 12 5 14 6 19 2 12 2
1 2 7 10 11 19 20
26 2 17 21 11 11 11 8 12 40 22 30 21 26 30 22 39 18 12 21
1 8 9 11 15 16 17
24 26 23 26 28 12 18 23 10 17 34 32 16 18 17 20 2 33 25 28
1 4 5 8 9 13 14
18 18 21 15 27 22 15 22 5 12 19 12 17 17 6 21 12 10 22 9
1 2 4 6 11 15 18
17 12 20 8 12 22 8 3 8 3 17 7 30 20 33 16 15 26 17 8
1 3 7 10 14 16 18
17 6 23 10 21 25 2 21 28 34 28 11 15 32 32 2 34 17 30 26
1 6 11 12 13 14 18
25 29 13 19 24 27 30 7 28 15 12 17 22 14 24 25 15 32 26 18
1 2 4 5 7 12 16
20 23 21 32 7 16 6 4 11 24 9 23 19 17 2 8 9 12 18 17
1 4 5 9 10 13 18
23 9 23 17 6 22 13 31 9 15 14 14 6 6 15 14 5 11 14 15
1 6 8 9 15 16 18
12 26 21 14 15 17 24 31 34 24 24 24 14 25 9 27 25 17 26 24
1 3 5 7 12 15 18
14 4 23 21 4 13 30 8 8 16 13 30 33 4 27 20 19 22 15 16
1 2 3 5 8 14 19
4 7 10 15 33 6 17 22 6 6 19 38 7 16 7 10 8 6 27 15
1 4 5 11 12 17 20
23 16 31 15 22 15 24 2 5 13 8 6 13 21 17 23 31 24 15 24
1 4 10 13 14 15 18
14 28 5 14 22 31 31 18 27 16 16 19 2 28 5 24 24 33 28 18
1 2 6 7 8 14 19
14 3 12 4 10 10 33 20 9 25 8 9 14 20 27 16 21 10 10 16
1 4 6 7 10 18 19
13 25 11 20 16 26 20 28 14 22 7 7 28 20 28 28 25 14 36 13
1 5 6 11 12 15 19
6 34 13 12 2 24 31 24 16 20 11 22 26 16 7 27 20 38 11 27
1 7 8 9 11 14 17
15 25 14 18 19 28 31 18 15 25 12 2 10 9 28 17 17 10 18 18
1 2 3 6 7 13 14
20 13 8 16 2 15 13 10 17 8 9 10 21 20 15 8 9 12 4 2
1 2 3 5 14 16 18
30 19 34 17 19 5 18 16 23 32 17 19 15 28 19 34 19 17 19 30
1 4 5 9 10 16 20
25 32 20 19 15 25 30 30 26 20 14 10 24 30 18 21 9 21 21 21
1 3 8 10 16 18 19
11 20 9 36 28 21 9 9 26 35 9 9 28 9 17 11 26 11 26 11
1 2 11 14 16 18 19
35 29 28 4 15 25 20 18 13 20 30 20 12 22 37 13 27 15 12 19
1 5 7 10 14 18 20
28 21 10 38 30 19 15 6 12 25 20 24 36 23 27 38 15 19 6 12
1 6 11 13 15 17 18
16 35 2 2 33 19 26 32 29 29 18 28 33 23 24 12 29 16 16 12
1 5 6 8 10 17 18
18 11 11 15 19 26 24 11 20 7 20 18 22 9 7 14 26 18 22 10
1 4 5 6 10 11 19
15 12 15 5 16 7 25 23 14 21 7 16 11 30 5 2 15 30 5 11
1 2 5 6 10 17 18
35 24 6 10 20 18 15 18 11 23 11 18 24 7 23 23 34 20 22 12
1 8 11 13 16 17 20
28 30 21 2 19 37 24 2 37 19 30 12 24 27 12 27 21 17 31 9
1 2 6 7 12 14 16
22 2 13 16 15 14 21 9 32 17 17 9 16 19 30 8 3 19 2 32
1 4 5 6 7 9 15
11 21 18 6 15 10 15 30 13 21 9 10 11 24 6 16 6 8 12 11
1 2 5 8 10 13 14
6 6 9 27 11 15 19 22 9 16 26 12 2 22 21 4 18 28 21 27
