100
7
20
1 4 7 13 14 16 20
27 5 21 15 24 2 15 8 21 8 29 33 20 27 26 8 18 17 34 33
1 5 6 7 13 15 17
34 23 34 12 30 18 11 21 30 22 19 20 30 32 18 11 2 11 26 19
1 3 4 11 17 18 19
21 7 12 22 28 20 22 37 22 12 19 4 6 36 29 28 30 12 12 30
1 3 8 13 14 15 17
16 22 17 6 14 18 25 26 27 16 17 6 27 25 25 34 21 18 25 25
1 6 8 11 16 18 19
37 9 35 27 20 19 35 20 27 19 30 24 12 27 29 27 35 27 17 24
1 3 8 9 13 18 19
16 27 16 37 37 16 14 37 19 22 16 12 9 21 16 11 2 6 14 31
1 6 10 12 13 15 17
23 28 25 7 27 14 32 12 23 30 19 23 27 32 25 29 26 27 2 14
1 3 6 9 10 11 14
17 6 25 19 9 15 17 12 11 12 12 13 12 12 21 20 15 21 14 11
1 5 6 8 14 18 20
34 21 23 21 28 34 21 13 7 25 32 12 25 40 26 7 24 11 38 9
1 3 7 11 15 16 19
18 17 23 38 22 14 14 27 27 6 18 20 22 18 23 30 22 10 35 10
1 5 6 7 12 14 20
27 12 34 21 2 26 26 20 10 27 19 34 13 21 13 13 26 25 26 20
1 9 10 14 17 18 19
10 36 31 20 11 27 10 26 23 29 11 28 26 20 23 33 28 34 20 11
1 2 7 9 11 13 19
20 20 22 24 21 4 32 26 11 24 16 28 10 3 9 32 28 3 30 14
1 3 6 10 13 16 17
22 19 4 19 11 27 16 20 18 13 26 2 18 29 4 29 26 13 27 13
1 4 5 7 8 9 18
9 5 16 10 8 10 22 2 12 8 12 14 14 26 17 5 5 13 19 11
1 2 7 8 12 17 18
30 20 14 15 14 25 9 24 20 19 9 25 16 14 25 19 34 36 19 13
1 4 6 9 11 12 15
15 27 10 23 30 5 21 18 18 20 21 16 7 12 18 15 19 20 16 16
1 5 9 11 12 16 20
17 31 21 28 25 27 31 29 10 25 25 24 14 16 21 20 10 29 6 14
1 6 7 8 13 15 16
22 23 17 23 23 23 21 14 31 2 28 29 29 28 23 13 14 21 15 29
1 3 7 8 9 10 19
4 15 18 29 8 11 10 13 28 10 4 13 11 13 20 19 9 22 20 9
1 6 9 10 16 18 20
24 36 19 11 17 29 22 18 36 36 17 17 32 36 30 29 11 18 25 2
1 5 6 9 17 18 19
35 22 12 10 11 23 28 2 18 25 35 37 22 20 15 28 11 36 26 24
1 2 5 15 17 19 20
36 39 24 21 22 34 16 20 2 32 3 20 6 37 22 36 21 22 39 34
1 6 7 8 10 11 16
27 18 15 19 15 16 24 32 20 15 16 11 22 11 16 8 22 17 12 18
1 7 9 10 14 16 17
18 24 31 15 14 11 17 23 26 24 20 33 11 19 33 32 18 20 18 11
1 3 5 8 9 10 19
14 12 8 9 9 9 19 22 20 18 24 20 20 10 14 29 6 22 18 10
1 5 8 14 16 17 18
10 28 35 13 13 36 34 34 26 30 16 6 19 23 22 23 26 34 15 18
1 3 8 9 11 12 16
11 23 2 13 12 23 24 6 4 24 14 24 20 11 12 4 19 25 23 20
1 2 7 8 14 19 20
21 39 28 27 2 16 27 28 26 9 21 9 9 9 38 8 39 28 3 15
1 6 8 10 13 15 18
26 28 21 19 24 7 36 19 26 9 21 23 2 14 24 7 21 18 12 28
1 2 3 7 8 10 16
32 9 26 6 17 2 32 10 11 10 24 17 2 16 16 17 26 9 24 20
1 4 10 11 15 18 19
2 23 22 30 23 11 14 21 33 36 29 29 19 11 25 14 22 37 19 30
1 2 5 7 11 14 19
18 16 3 12 22 33 21 16 38 20 9 4 12 6 16 6 15 8 38 21
1 3 8 12 15 16 19
27 27 9 22 30 9 18 24 22 18 30 6 34 2 16 13 2 16 35 20
1 5 6 10 13 17 18
34 35 18 19 22 11 14 18 19 10 14 34 7 14 34 11 22 11 28 14
1 3 4 7 14 17 20
40 24 24 34 34 6 11 7 21 21 24 20 6 15 8 6 23 21 27 10
1 2 12 13 14 17 18
32 15 26 3 36 25 14 19 29 26 15 15 19 30 26 25 13 2 14 25
1 7 8 11 15 19 20
23 38 22 30 20 28 9 30 2 35 38 12 19 35 26 15 21 26 26 16
1 2 4 6 7 12 14
9 6 13 9 14 19 15 15 16 2 20 7 20 13 11 14 26 16 26 16
1 5 7 10 12 15 19
22 22 16 17 16 25 16 17 20 12 24 29 26 31 27 24 6 17 12 8
1 3 6 10 12 13 14
24 17 16 9 27 12 26 9 15 20 9 2 25 23 18 16 9 16 23 26
1 6 8 11 16 17 20
12 33 32 14 37 9 40 18 28 31 22 12 2 7 21 37 37 22 33 25
1 3 7 8 10 13 20
23 15 6 23 23 30 18 13 2 6 18 9 2 16 33 6 14 16 28 40
1 6 11 15 17 19 20
21 16 26 30 21 34 20 31 12 30 23 7 12 32 39 12 20 32 28 35
1 4 6 7 10 14 17
5 18 8 24 8 23 8 14 8 15 18 12 7 24 16 20 21 23 24 13
1 8 12 13 15 16 19
29 14 27 20 25 13 27 14 21 32 29 27 2 31 31 35 31 13 29 34
1 2 13 14 16 18 20
15 16 14 18 22 32 36 19 34 22 22 19 14 15 16 40 19 32 21 3
1 8 10 14 15 16 17
18 20 31 22 27 32 11 20 32 27 33 23 24 31 33 31 15 24 24 31
1 5 7 13 14 15 16
27 32 21 6 17 20 23 29 17 8 31 17 20 14 18 14 29 30 27 20
1 3 4 14 15 16 17
20 4 30 17 20 30 31 6 20 7 21 30 21 20 28 31 16 5 16 31
1 2 4 12 14 15 19
6 20 18 30 34 18 16 14 34 16 5 3 29 33 13 33 34 33 17 14
1 5 9 10 13 15 16
20 15 16 23 25 31 6 26 24 28 20 10 11 18 26 26 14 16 25 6
1 4 5 6 14 16 19
33 10 20 32 18 28 20 24 11 22 10 25 17 15 23 28 18 33 17 20
1 4 5 7 17 18 20
27 37 24 9 22 6 9 12 27 21 38 36 27 22 9 8 21 21 5 19
1 2 5 7 12 19 20
32 24 20 25 13 6 26 9 38 25 9 3 31 8 21 12 20 24 8 9
1 3 12 15 16 18 19
31 37 34 22 21 15 35 19 24 38 4 22 30 22 20 31 17 28 16 31
1 2 6 9 15 19 20
21 29 7 15 21 25 2 35 10 35 34 21 16 16 8 21 26 26 35 11
1 3 4 8 10 12 16
26 24 5 4 5 28 28 11 11 11 24 20 26 20 5 11 14 15 17 4
1 2 4 5 12 17 19
24 5 5 34 17 3 21 13 21 21 31 24 16 31 18 2 22 21 31 21
1 3 4 5 7 15 20
16 30 11 2 20 24 23 7 20 2 8 18 40 9 11 18 22 9 35 30
1 4 12 13 17 18 20
24 35 16 18 30 31 30 19 24 25 19 21 22 21 18 32 24 40 25 17
1 3 5 12 16 19 20
39 21 20 32 32 32 36 24 17 31 25 25 17 10 31 32 24 21 19 8
1 2 3 6 11 13 18
19 16 15 9 29 9 24 7 3 29 13 31 17 7 12 9 21 9 9 5
1 5 14 17 18 19 20
37 34 34 24 19 36 15 32 37 28 36 15 28 37 21 37 38 31 36 22
1 4 6 8 15 17 20
32 35 2 35 24 26 26 23 10 19 40 10 32 14 23 9 23 23 37 5
1 3 9 12 14 17 18
23 10 28 27 15 26 4 2 26 15 10 24 18 31 18 26 19 10 20 15
1 4 5 14 15 16 17
32 17 20 30 9 21 19 5 31 20 29 19 33 31 22 2 32 28 33 20
1 3 5 9 12 16 20
13 13 6 15 10 12 19 8 17 21 21 32 12 25 24 36 32 23 6 17
1 2 6 7 10 11 19
11 30 8 9 13 8 21 22 8 3 21 25 8 30 12 13 25 13 29 18
1 5 6 11 13 16 20
19 24 10 18 25 16 12 14 11 14 14 18 21 17 29 29 16 11 19 21
1 6 7 11 14 15 16
18 13 13 21 26 23 17 17 27 21 21 17 14 8 20 12 21 17 27 21
1 2 6 12 13 17 20
40 33 34 2 4 14 24 15 34 18 7 34 3 8 29 8 14 26 18 2
1 2 8 12 16 19 20
16 21 40 21 22 9 13 21 28 10 21 3 36 38 17 28 20 18 21 14
1 4 5 6 12 14 19
7 17 26 33 17 18 23 24 19 20 24 18 7 24 9 20 20 15 18 24
1 2 4 7 17 19 20
27 21 22 21 5 14 39 19 8 3 19 22 14 37 18 38 26 3 5 21
1 6 7 11 18 19 20
19 21 25 21 26 24 37 19 12 25 24 27 18 21 8 12 31 8 27 20
1 3 4 9 10 18 19
13 21 20 22 8 8 28 19 11 18 14 29 23 4 37 20 20 28 19 8
1 2 3 4 14 15 20
16 21 22 22 5 4 18 17 5 29 4 22 23 18 24 18 29 4 7 24
1 2 4 8 12 15 16
16 17 9 9 5 10 31 9 16 9 32 3 13 18 17 17 5 24 24 16
1 4 7 8 9 11 15
20 18 15 5 12 15 15 15 10 5 8 14 5 14 9 11 14 22 15 8
1 2 4 10 12 16 17
16 27 5 5 8 27 14 18 16 6 8 4 11 22 11 22 34 27 6 21
1 2 7 8 10 14 19
3 22 2 2 38 17 24 15 21 18 22 20 9 8 22 29 15 29 22 26
1 7 9 13 15 17 18
26 24 8 34 8 8 14 22 32 22 30 35 20 14 16 8 14 14 8 22
1 9 10 11 13 18 19
21 31 29 30 28 27 18 20 29 30 27 10 36 22 37 24 28 31 37 28
1 4 8 10 11 13 14
14 24 5 25 18 17 17 14 21 17 14 2 12 22 12 12 21 20 15 19
1 2 4 5 6 9 19
10 10 8 11 8 21 5 6 10 25 13 13 5 14 7 20 24 10 9 7
1 3 11 13 18 19 20
31 20 22 33 38 31 37 36 31 20 38 19 2 22 31 22 19 38 38 39
1 4 9 10 11 17 20
10 28 12 21 18 12 28 26 21 5 10 18 20 30 30 19 13 15 13 14
1 3 5 8 9 11 15
10 4 26 16 8 20 13 12 8 17 8 9 18 12 14 26 16 8 23 6
1 2 4 6 7 13 18
25 8 31 14 10 6 11 15 9 7 9 7 31 31 13 5 14 22 9 14
1 4 5 9 13 18 20
14 29 5 5 13 22 33 14 38 10 22 6 31 2 6 8 14 17 14 22
1 2 4 7 8 13 19
8 17 17 5 15 26 38 14 21 17 10 15 14 32 14 10 17 21 9 15
1 3 9 10 15 16 18
25 21 13 24 4 25 34 34 34 34 28 27 4 13 17 25 27 18 19 31
1 6 7 14 16 18 20
2 24 40 15 32 36 21 21 13 7 30 40 40 34 17 7 12 19 36 30
1 5 12 16 17 18 19
24 34 29 21 31 20 28 34 17 32 17 31 35 29 19 21 37 18 18 2
1 3 9 11 13 14 18
15 32 17 14 27 29 16 16 12 23 15 24 6 32 16 21 36 6 14 19
1 3 6 13 14 15 19
21 16 7 15 29 14 16 9 9 26 20 33 18 7 15 34 7 34 20 25
1 5 9 11 14 17 20
10 14 6 26 26 15 25 19 34 28 40 15 25 18 15 10 31 34 15 31
1 5 8 13 14 18 19
37 13 27 33 24 16 9 6 9 19 15 26 14 32 33 19 19 32 21 19
1 4 7 8 13 14 18
15 31 22 19 19 11 11 15 21 22 15 15 18 5 14 25 22 14 8 22
