100
3
4
1 2 19
20 3 21 3
1 3 8
9 4 9 4
1 10 13
11 23 14 14
1 12 15
24 13 13 16
1 7 10
17 17 14 2
1 8 9
9 18 18 10
1 15 19
20 30 34 16
1 9 13
22 10 2 10
1 11 18
29 19 12 12
1 17 20
18 34 18 18
1 10 16
20 11 2 2
1 16 17
2 32 18 18
1 3 17
6 20 4 4
1 12 16
24 2 24 13
1 5 18
6 10 19 6
1 5 10
15 6 20 6
1 3 7
8 8 8 10
1 14 19
20 28 38 20
1 6 12
12 2 12 24
1 7 10
2 8 11 20
1 18 20
19 40 2 2
1 2 15
17 3 17 16
1 8 10
18 20 18 11
1 12 17
29 13 29 2
1 3 8
4 4 2 11
1 2 8
10 16 3 4
1 2 19
20 3 20 2
1 6 18
24 12 24 19
1 7 18
2 8 14 36
1 5 15
20 20 20 10
1 13 20
33 21 14 2
1 16 17
2 32 34 18
1 10 15
16 30 20 25
1 2 6
3 7 2 4
1 5 6
10 10 7 6
1 14 20
28 15 40 15
1 2 15
2 3 30 17
1 4 16
5 20 20 17
1 18 20
19 21 19 21
1 12 16
28 32 17 28
1 8 9
10 10 16 17
1 3 9
2 2 12 10
1 16 20
2 21 21 40
1 7 17
14 2 14 24
1 3 11
4 2 14 4
1 2 18
20 36 2 3
1 6 10
16 7 12 20
1 4 7
8 5 5 11
1 8 19
9 9 27 9
1 15 18
16 16 16 16
1 11 16
27 12 17 2
1 8 14
22 28 15 16
1 9 10
20 19 10 19
1 8 13
16 9 26 9
1 2 13
4 4 4 3
1 11 19
30 2 30 20
1 6 20
7 40 2 7
1 15 16
17 16 31 31
1 2 13
14 26 2 3
1 11 15
16 12 16 22
1 4 9
18 10 13 13
1 4 10
5 14 11 8
1 3 16
19 19 4 2
1 7 16
8 8 2 17
1 9 19
28 20 38 28
1 7 14
2 15 28 21
1 3 20
2 2 4 40
1 11 16
12 27 22 27
1 7 12
13 13 8 19
1 13 17
18 2 14 30
1 2 20
21 40 3 3
1 16 17
18 18 18 2
1 12 17
24 29 13 24
1 6 16
17 32 2 12
1 8 14
22 28 28 28
1 16 17
17 32 18 33
1 2 5
10 3 2 7
1 7 17
8 8 8 14
1 11 13
14 24 14 14
1 6 9
15 7 2 15
1 7 8
15 15 2 9
1 6 12
24 13 7 24
1 3 17
2 34 20 4
1 3 13
6 4 6 4
1 5 8
2 9 16 2
1 13 17
14 30 30 26
1 4 9
5 5 5 2
1 15 18
33 36 16 16
1 15 18
36 19 16 36
1 8 10
11 9 9 9
1 6 17
12 23 34 23
1 3 6
2 4 6 9
1 7 11
2 8 18 2
1 8 11
16 16 12 12
1 2 5
6 2 6 7
1 13 19
14 26 26 2
1 3 4
5 7 5 7
1 5 7
6 8 10 8
1 4 10
14 5 20 2
1 4 5
6 5 6 9
