100
3
1 2 19
1 12 18
1 7 15
1 9 13
1 3 20
1 12 19
1 6 7
1 7 16
1 5 15
1 8 15
1 3 13
1 4 18
1 12 16
1 17 20
1 5 20
1 7 16
1 3 17
1 10 14
1 2 14
1 14 17
1 11 15
1 4 11
1 10 20
1 12 19
1 11 20
1 8 9
1 6 12
1 16 19
1 13 14
1 12 14
1 6 8
1 5 13
1 2 19
1 2 7
1 18 20
1 8 17
1 15 18
1 6 14
1 14 18
1 6 18
1 9 12
1 9 11
1 18 19
1 7 12
1 11 17
1 4 17
1 9 12
1 7 14
1 10 11
1 16 18
1 5 18
1 13 17
1 2 15
1 2 15
1 11 13
1 4 20
1 3 20
1 3 11
1 9 14
1 4 20
1 9 15
1 11 17
1 7 12
1 4 5
1 6 17
1 2 18
1 4 14
1 11 13
1 9 19
1 4 19
1 6 14
1 7 10
1 2 10
1 6 18
1 15 20
1 6 13
1 5 15
1 7 12
1 2 13
1 7 10
1 2 16
1 6 11
1 16 17
1 7 14
1 8 9
1 10 14
1 3 7
1 6 14
1 9 13
1 19 20
1 3 9
1 7 16
1 4 16
1 14 15
1 18 19
1 6 7
1 8 19
1 2 11
1 12 14
1 5 20
