100
7
1 2 5 6 8 14 20
1 7 11 12 13 16 17
1 7 8 9 13 14 15
1 10 11 12 13 15 19
1 2 3 4 8 12 14
1 13 14 15 16 17 19
1 5 8 9 16 17 18
1 4 5 7 11 14 16
1 4 5 6 8 12 13
1 6 7 8 14 18 19
1 3 8 9 14 16 18
1 9 10 12 17 19 20
1 2 8 10 11 15 17
1 6 9 10 11 13 14
1 2 5 9 12 15 20
1 4 5 10 11 12 19
1 9 10 13 17 19 20
1 8 11 12 14 15 16
1 7 11 12 13 14 20
1 4 5 9 14 18 20
1 4 9 10 17 18 19
1 8 11 12 14 18 20
1 3 4 5 15 16 17
1 4 5 6 7 12 14
1 4 6 7 11 12 14
1 3 11 12 15 18 19
1 4 5 6 9 18 19
1 2 6 8 14 17 20
1 2 3 14 16 19 20
1 2 5 7 9 11 12
1 4 5 9 16 19 20
1 2 4 6 8 17 18
1 3 9 11 12 15 19
1 3 4 5 6 8 15
1 2 5 6 7 12 14
1 3 4 6 10 11 16
1 2 3 4 7 14 17
1 2 3 6 11 12 13
1 2 5 8 14 15 18
1 2 7 11 12 14 15
1 6 11 12 13 16 19
1 4 12 13 14 16 19
1 6 7 10 14 18 19
1 3 9 11 15 17 20
1 3 8 10 11 12 19
1 3 6 15 18 19 20
1 3 5 13 14 17 19
1 2 3 4 7 8 10
1 6 11 12 14 18 20
1 6 7 11 15 16 17
1 6 8 13 16 17 18
1 4 8 12 14 17 19
1 3 4 6 9 15 20
1 2 12 16 18 19 20
1 5 8 11 12 13 18
1 3 4 6 7 12 16
1 2 6 8 10 13 16
1 2 5 6 8 13 17
1 6 9 10 15 18 20
1 3 13 15 16 19 20
1 6 14 17 18 19 20
1 3 4 5 9 14 20
1 3 4 8 12 14 18
1 3 4 6 7 10 20
1 4 6 11 12 13 17
1 5 7 8 11 12 15
1 2 7 13 15 16 19
1 4 5 10 17 18 20
1 3 4 5 9 10 11
1 3 4 6 11 16 19
1 3 5 6 10 11 18
1 4 6 7 9 11 12
1 2 4 5 8 13 16
1 3 8 12 16 17 20
1 3 4 7 8 18 20
1 2 4 6 7 9 20
1 4 5 9 14 15 18
1 2 7 8 18 19 20
1 2 4 12 13 14 16
1 4 8 12 13 14 18
1 3 4 11 16 17 20
1 3 5 8 12 16 18
1 2 3 4 7 13 17
1 2 3 4 13 19 20
1 6 7 9 12 15 18
1 2 6 8 13 19 20
1 3 5 12 16 17 18
1 2 6 12 16 17 20
1 5 6 11 15 17 19
1 2 8 14 15 16 18
1 2 7 11 15 17 18
1 2 4 7 10 14 17
1 4 5 8 13 15 19
1 4 7 8 10 17 20
1 4 6 8 13 14 19
1 3 5 7 13 14 18
1 2 4 13 14 16 19
1 9 10 11 16 17 18
1 3 4 8 13 15 19
1 3 8 9 11 14 19
